# generated by Slic3r 1.37.2-prusa3d on Wed Dec  6 09:55:43 2017
bed_shape = 0x0,250x0,250x210,0x210
before_layer_gcode = 
deretract_speed = 0,0,0,0
end_gcode = ; filament cooling and parking\nG91\nG1 Z1 \nG90\nM83\n\nG1 E-4 F2100.00000\nG1 F4000\nG1 X240  Y210\nG1 E4 F2100.00000\nG1 F4600\nG1 X200 E2.8\nG1 F5200\nG1 X160 E3  \n\nG1 E-15.0000 F5000\nG1 E-50.0000 F5400\nG1 E-15.0000 F3000\nG1 E-12.0000 F2000\n\nG1 F1600\nG1 X0 E3.0000\nG1 X50 E-5.0000\nG1 F2000\nG1 X0 E5.0000\nG1 X50 E-5.0000\nG1 F2400\nG1 X0 E5.0000\nG1 X50 E-5.0000\nG1 F2400\nG1 X0 E5.0000\nG1 X50 E-3.0000\nG4 S0\n\nM107 ; fan off\nM104 S0 ; turn off temperature\nM140 S0 ; turn off heatbed\nG28 X0  ; home X axis\nM84     ; disable motors\n\n
extruder_colour = ;;;
extruder_offset = 0x0,0x0,0x0,0x0
gcode_flavor = reprap
layer_gcode = 
max_layer_height = 0.25,0.25,0.25,0.25
min_layer_height = 0.07,0.07,0.07,0.07
nozzle_diameter = 0.4,0.4,0.4,0.4
octoprint_apikey = E14DCE2049B341BBBB756A223298AF8C
octoprint_host = 10.1.1.122:5000
printer_notes = 
printer_settings_id = 
retract_before_travel = 3,3,3,3
retract_before_wipe = 0%,0%,0%,0%
retract_layer_change = 1,0,1,1
retract_length = 4,4,4,4
retract_length_toolchange = 6,6,6,6
retract_lift = 0.5,0.5,0.5,0.5
retract_lift_above = 0,0,0,0
retract_lift_below = 199,199,199,199
retract_restart_extra = 0,0,0,0
retract_restart_extra_toolchange = 0,0,0,0
retract_speed = 80,80,80,80
serial_port = 
serial_speed = 250000
single_extruder_multi_material = 0
start_gcode = ; Start G-Code sequence START\nM104 S[first_layer_temperature]\nM140 S[first_layer_bed_temperature]\nG21 ; set units to millimeters\nG90 ; use absolute coordinates\nM83 ; use relative distances for extrusion\nG28\nG1 Z50\nM109 S[first_layer_temperature]\nM190 S[first_layer_bed_temperature]\nG28 W\nG92 E0.0\nM203 E100\nM92 E140\nG1 Z0.250 F7200.000\nG1 X50.0 E80.0  F1000.0\nG1 X160.0 E20.0  F1000.0\nG1 Z0.200 F7200.000\nG1 X220.0 E13 F1000.0\nG1 X240.0 E0 F1000.0\nG1 E-4 F1000.0\nG92 E0.0
toolchange_gcode = 
use_firmware_retraction = 0
use_relative_e_distances = 1
use_volumetric_e = 0
variable_layer_height = 0
wipe = 1,1,1,1
z_offset = 0
